-507
-508
-501
-610
-501
-97
-492
-468
-573
-518
294
-520
-511
-170
-510
-113
-521
-520
-423
-425
-504
-531
-500
-504
-381
-275
-509
-556
-289
-371
-521
-508
-156
-503
-549
-504
-507
-581
-490
-312
-507
-300
-159
-393
-551
-611
-640
-496
-611
-521
-107
35
-134
-159
-147
-119
-115
117
-244
-187
82
-68
-160
-244
-171
282
146
-103
264
124
48
-506
95
22
474
201
-291
21
112
81
367
-586
392
121
138
3
56
127
-406
156
-416
-243
-439
-486
-304
-431
-525
-409
-505
448
-350
424
-634
-167
-452
-50
-63
328
-249
-289
-434
-294
-278
-386
-190
125
-369
-361
-231
134
-286
-76
-25
-214
-240
-334
-158
-153
-51
-236
9
108
-329
-544
-233
29
-273
-383
416
52
-502
513
-383
405
-450
-143
-271
-134
170
92
-70
-10
-134
-327
-56
-344
-388
-363
-305
-94
-146
-629
427
475
-308
329
-229
472
-482
-320
-223
-346
-82
-367
-402
-278
-311
-378
-404
-293
-309
20
39
-626
-501
407
-437
27
-508
-306
87
-26
54
-359
-227
103
-122
114
-447
-165
-306
51
-280
-137
-327
-188
-325
-499
-209
-433
-90
504
343
-329
-387
17
-320
-402
-523
-397
-117
463
-316
510
-100
-295
-335
-315
-388
32
-612
471
65
130
-270
158
-518
424
-386
-86
-291
-340
-477
40
-200
-225
-197
-402
-171
31
-232
-341
-459
-234
-109
-368
-91
-272
-185
-334
-303
-348
-58
-21
-419
88
-2
-554
-38
16
-370
-445
-222
-355
-296
-351
-246
-350
-250
-354
-508
-431
-117
-376
-373
-158
-361
-519
-428
-305
-206
-457
-56
-302
-439
-146
-291
50
-387
-481
