-505
-502
-400
-176
-506
-266
-430
-491
-524
-483
-502
-510
-276
-522
-508
-507
-626
-501
-431
-501
171
-590
-513
-505
-362
-489
-571
-512
-628
-502
-510
-505
-503
4
-608
-517
-510
-500
-386
-246
118
-8
-119
-146
-100
-220
-70
84
382
16
-91
-144
-3
186
-226
-410
-118
-41
-146
-285
-47
-210
-31
-203
27
-211
-69
-67
-31
-265
-121
-84
41
-173
-32
64
217
362
132
35
558
-60
490
-38
-105
1
-107
168
-49
-119
-106
98
-103
-157
26
-16
631
97
-139
-87
9
-139
72
40
-4
58
28
-199
163
-74
51
-195
-433
48
-329
-292
45
-45
-26
435
144
-219
70
-370
8
-217
282
465
490
54
23
-282
134
37
176
-37
-254
458
67
27
-106
148
-1
392
98
333
-272
331
-271
-102
-419
210
441
101
-192
-394
299
-101
-267
-181
158
93
-45
541
38
-377
167
-368
-530
-244
165
430
347
204
23
399
115
131
402
-7
-520
196
-363
315
-49
157
-318
213
248
100
-420
107
-335
-376
-284
-75
-261
-65
-480
45
34
-69
-15
32
-262
147
314
-372
225
-501
164
-293
-372
-555
-29
53
138
24
19
-273
-620
-596
66
491
30
45
-15
-334
140
424
-555
-574
75
-591
92
88
-19
-504
302
148
47
-177
-12
78
58
494
65
-92
-119
361
549
-28
99
76
-260
-37
-593
148
-25
28
86
548
-36
206
-2
425
-25
432
185
116
-79
-6
12
179
15
-76
-52
-27
-136
133
-8
1
-618
-86
-158
-207
-375
185
-38
-217
-275
-56
-14
-338
-166
9
-12
66
258
-264
